004A 004C 0057 0044 0053 0055 
0048 0056 0056 
0052 0055 004A 
0045 0052 0052 004E 0056 0044 004F 0048 0056 0023 004A 004C 0057 0044 0053 0055 
0048 0056 0056 
0052 0055 004A 
004A 004C 0057 0044 0053 0055 
0048 0056 0056 0045 0052 0052 004E 0056 004B 0052 0053 
004C 0051 
0052 0051 004F 004C 0051 0048 
004A 004C 0057 0044 0053 0055 
0048 0056 0056 
0052 0055 004A 
0045 0052 0052 004E 0056 0044 004F 0048 0056 0023 004A 004C 0057 0044 0053 0055 
0048 0056 0056 
0052 0055 004A 
004A 004C 0057 0044 0053 0055 
0048 0056 0056 0045 0052 0052 004E 0056 004B 0052 0053 
004C 0051 
0052 0051 004F 004C 0051 0048 
004A 004C 0057 0044 0053 0055 
0048 0056 0056 
0052 0055 004A 
0045 0052 0052 004E 0056 0044 004F 0048 0056 0023 004A 004C 0057 0044 0053 0055 
0048 0056 0056 
0052 0055 004A 
004A 004C 0057 0044 0053 0055 
0048 0056 0056 0045 0052 0052 004E 0056 004B 0052 0053 
004C 0051 
0052 0051 004F 004C 0051 0048 
004A 004C 0057 0044 0053 0055 
0048 0056 0056 
0052 0055 004A 
0045 0052 0052 004E 0056 0044 004F 0048 0056 0023 004A 004C 0057 0044 0053 0055 
0048 0056 0056 
0052 0055 004A 
004A 004C 0057 0044 0053 0055 
0048 0056 0056 0045 0052 0052 004E 0056 004B 0052 0053 
004C 0051 
0052 0051 004F 004C 0051 0048 
004A 004C 0057 0044 0053 0055 
0048 0056 0056 
0052 0055 004A 
0045 0052 0052 004E 0056 0044 004F 0048 0056 0023 004A 004C 0057 0044 0053 0055 
0048 0056 0056 
0052 0055 004A 
004A 004C 0057 0044 0053 0055 
0048 0056 0056 0045 0052 0052 004E 0056 004B 0052 0053 
004C 0051 
0052 0051 004F 004C 0051 0048 
004A 004C 0057 0044 0053 0055 
0048 0056 0056 
0052 0055 004A 
0045 0052 0052 004E 0056 0044 004F 0048 0056 0023 004A 004C 0057 0044 0053 0055 
0048 0056 0056 
0052 0055 004A 
004A 004C 0057 0044 0053 0055 
0048 0056 0056 0045 0052 0052 004E 0056 004B 0052 0053 
004C 0051 
0052 0051 004F 004C 0051 0048 
